Wall
-5|3|-3
0|0|0
Wall
-5|3|-4
0|0|0
Wall
-4|3|-4
0|0|0
Wall
-3|3|-4
0|0|0
Wall
-6|3|-3
0|0|0
Wall
-6|3|-4
0|0|0
Wall
-7|3|-4
0|0|0
Wall
-7|3|-3
0|0|0
Wall
-8|3|-3
0|0|0
Wall
-8|3|-4
0|0|0
Wall
-8|3|-5
0|0|0
Wall
-7|3|-6
0|0|0
Wall
-8|3|-6
0|0|0
Wall
-4|3|-5
0|0|0
Wall
-6|3|-6
0|0|0
Wall
-7|3|-5
0|0|0
Wall
-6|3|-5
0|0|0
Wall
-5|3|-6
0|0|0
Wall
-5|3|-5
0|0|0
Wall
-3|3|-5
0|0|0
Wall
-3|3|-3
0|0|0
Wall
-8|4|-4
0|0|0
Wall
-4|3|-3
0|0|0
Wall
-8|5|-4
0|0|0
Wall
-8|6|-4
0|0|0
Wall
-8|4|-5
0|0|0
Wall
-4|3|-6
0|0|0
Wall
-8|5|-5
0|0|0
Wall
-8|6|-5
0|0|0
Wall
-3|3|-6
0|0|0
Wall
-7|6|-4
0|0|0
Wall
-7|6|-5
0|0|0
Wall
-6|6|-4
0|0|0
Wall
-6|6|-5
0|0|0
Crate
-6|7|-5
0|0|0
Player
-8|7|-4
0|0|0
Crate
-5|4|-5
0|0|0
